timestamp	hr								ecg
2025-11-19 18:37:35.895000+00:00									-145
2025-11-19 18:17:43.886000+00:00									214,228,219,222,-172,-201,-113,41,154
2025-11-19 18:13:14.527000+00:00									-60,-80,-108,-143,-258,-330,-255,-352,-337
2025-11-19 18:46:11.719000+00:00									72,-55,-130,-156,-177,-164,-111,-151,-96,-150,-169,-156
2025-11-19 18:15:33.640000+00:00									-55,-67,-41,-76,-54,-143,-172,-172,-165,-156,93
2025-11-19 18:20:22.889000+00:00									-372,-376,-458,-488,-406,-154,196,197,196,196,196
2025-11-19 18:15:23.384000+00:00									-49,235,-103,-50,-171,-180,-186,-188,108,-172
2025-11-19 18:32:01.756000+00:00									-289,-184,-258,-226,-115,-208,-231,-237,-251,-289,-506
2025-11-19 18:43:35.140000+00:00									-421,-207,186,142,140,33,-43
2025-11-19 18:26:55.864000+00:00									-502,-155
2025-11-19 18:15:18.346000+00:00									-137,-181,-185,-153,-133,-112,-142,-75,-105,-133,-120,-137
2025-11-19 18:34:13.029000+00:00									-73,-97,167,-156,-120,-222,-234,-236,-224
2025-11-19 18:12:22.942000+00:00									-234,-293,-291,-366,-397,-175,188,189,188,185
2025-11-19 18:04:41.732000+00:00	72								-141,-133,-171,-204,-185,-201,-231,-226,-243,-233,-223
2025-11-19 18:10:32.763000+00:00									-316,-162
2025-11-19 18:29:22.902000+00:00	66								-10,-83,-133,-172,-142,-206,-267,-284,-287,-266,-250,-155
2025-11-19 18:18:29.345000+00:00									178,205,193,194,193,192,191,157,34,-62
2025-11-19 18:08:35.402000+00:00									-364,-143,-137,-184,-165
2025-11-19 18:20:02.886000+00:00									-279,-296,-338,-397,-383,-492,-429,-406,-389,-356,-244
2025-11-19 18:30:03.156000+00:00									-413,-506,-156,-368,-199,-227,-198,-119,-104
2025-11-19 18:34:18.045000+00:00									-119,-150,-227,-217,-198,-164,-154,-124,-51,-152,-138
2025-11-19 18:16:47.907000+00:00									-140,-146,-135,-112,-56,-136,-141,-149,-163
2025-11-19 18:16:57.897000+00:00									-162,-154,-74,-160,-144,-122,-96,123,-129,-32,-147
2025-11-19 18:26:31.714000+00:00									-235,-151,-154,-153,-154,-144,-222
2025-11-19 18:33:00.626000+00:00									-183
2025-11-19 18:28:52.241000+00:00	69								193,197,191,191,192,125,87,-431,-506,-155,-347
2025-11-19 18:29:12.996000+00:00									-214,-205,-180,-137,188,-64,34,-51,-23,2,16,25
2025-11-19 18:18:48.584000+00:00									203,203,188,7,-206,-330,-426,-453,-454,-441,-334,-416,-363,-328,-256,-144,-178,-129,-215,-171,-83,-27,49,96,123,161,-39,-133,-232,-308,-328,-405,-409
2025-11-19 18:32:34.109000+00:00									-160
2025-11-19 18:05:16.876000+00:00									-388,-152,-141,-143,-145,-151,-156,-145,-142,-154,-149,-148
2025-11-19 18:07:28.022000+00:00									-205,-194,-189,-188,-194,-196,-212,-224,-267,-226,-192
2025-11-19 18:15:28.494000+00:00									-69,-75,-14,-149,-152,-155,-163,-225,-271,-209,-310
2025-11-19 18:05:52.306000+00:00									10,-149,-142,-157,-140,-145,-152,-151,-148,-150,-151
2025-11-19 18:12:17.822000+00:00									69,6,11,16,45,87,-2,13,-210
2025-11-19 18:28:57.531000+00:00									201,201,185,-170,-342,-429,-428
2025-11-19 18:44:40.838000+00:00									138,-298,-295,-291,-337,-313,-343,-350,190,189,189
2025-11-19 18:43:25.070000+00:00									190
2025-11-19 18:24:22.610000+00:00									-330
2025-11-19 18:10:05.833000+00:00									-151
2025-11-19 18:45:51.445000+00:00									26,-111,-226,-340,-371,-264,-126,-139,-275
2025-11-19 18:08:15.246000+00:00									-128
2025-11-19 18:37:05.769000+00:00									-506
2025-11-19 18:17:48.845000+00:00									-352,-406,-241,-140,-141,-50,24,80,85,100,65
2025-11-19 18:42:46.655000+00:00									-201,-409,-414
2025-11-19 18:12:59.507000+00:00									-505,-85,141,-153,-44,52,189,190,190,190,190,93,41,189,190,190,190,190,191,191,190,189,-95,-365
2025-11-19 18:27:00.921000+00:00									-114,183,193,192,192,192,192,191,192,193,192,192,191
2025-11-19 18:29:43.091000+00:00									56,15,-35,-65,-111,-133,-155,-220,-143,-238,-245
2025-11-19 18:32:11.705000+00:00									-110,-80,-79,-75,-79,-79,188,-94,-13,-103,-87,-77
2025-11-19 18:18:04.145000+00:00	90								-222,77,-148,-12,-36,-76,-115,-136,-87,-44
2025-11-19 18:28:21.895000+00:00									-243,-271,-323,-349,-378,-323,-171,-196,-139,-111,-93
2025-11-19 18:20:17.808000+00:00									-180,-142,-56,-3,50,85,131,103,69,72
2025-11-19 18:17:53.930000+00:00									57,57,35,-46,-259,-322,-352,-398,-491
2025-11-19 18:27:46.455000+00:00									203,192,192,191,92,78,96,102,85,50,65
2025-11-19 18:45:26.416000+00:00									-54,-135,-230,-231,-134,-230,-225,-242,-174,-196,-183
2025-11-19 18:29:33.018000+00:00									-172,-179,-172,-198,-206,-162,-201,-209,-164,-143,-127
2025-11-19 18:28:47.068000+00:00									204,192,191,191,192,199,141,60,166,189,17,-213,-361
2025-11-19 18:25:36.082000+00:00									-155
2025-11-19 18:46:56.909000+00:00									-136,-188,-225,-201,-73,183,159,187,192,55,-230
2025-11-19 18:05:57.368000+00:00									-85,-143,-155,-142,-150,-151,-154,-156,-155,-152,-159
2025-11-19 18:05:11.811000+00:00									-488,-145,-147,-149,-159,-152,-158,-156,-143,-152,-151,-146
2025-11-19 18:30:49.155000+00:00	67								-361,-410,-347,-279,-336,-390,-188,175,-188,-149,-148,-153,-380,-153,-147,-153,-146,-153,-153,-146,-147,-147,-148,-152,-147,-152,-147
2025-11-19 18:26:02.212000+00:00									-151,-154,-151,-157,-157,-149,-153,-149,-155,-147
2025-11-19 18:31:41.480000+00:00									201,200,191,113,48,-10,134,-125,-76,-203,-279,-316
2025-11-19 18:23:16.960000+00:00									-145
2025-11-19 18:31:26.341000+00:00									-154
2025-11-19 18:10:37.866000+00:00									-335
2025-11-19 18:18:14.066000+00:00	88								-108,-124,-47,-92,127,-298,-288,-354,-267,-234,-144,-188
2025-11-19 18:30:08.187000+00:00									-204,-420,-480,-290,-326,-260,-246
2025-11-19 18:25:06.032000+00:00									-155
2025-11-19 18:26:21.776000+00:00									-156
2025-11-19 18:42:26.386000+00:00									14,-129,-506,-262,-286,-200,-117
2025-11-19 18:46:01.588000+00:00									46,195,-10,43,-58,-107,-188,-101,20,187
2025-11-19 18:29:27.976000+00:00									-181,-165,-122,169,-148,-87,-198,-197,-168,-159,-58,-138
2025-11-19 18:13:24.789000+00:00									-111,-137,-159,-162,-82,-101,-55,30,68
2025-11-19 18:20:58.950000+00:00									-156,-152
2025-11-19 18:44:20.694000+00:00									-114,-182,-294,-309,-292,-125,54,119,-127,-291,-276,-231,-192
2025-11-19 18:27:16.036000+00:00									-9,-88,-208,-302,-355,-346,-236,-155,-130,-56
2025-11-19 18:18:19.217000+00:00									-290,-245,-178,-169
2025-11-19 18:37:40.774000+00:00									-125,-198
2025-11-19 18:17:08.638000+00:00									-230,-318
2025-11-19 18:45:46.445000+00:00									-96,-187,-271,-281,-276,-259,-212,-277,-239,-197
2025-11-19 18:44:10.538000+00:00									-204,-303,-387,-320,-311,-299,-259,-203,-162,159
2025-11-19 18:33:27.589000+00:00									182,-97,8,-58,-29,-11,-2,85,-63,-71,-219,-266
2025-11-19 18:29:58.057000+00:00									-364,-353,-385,-349,-303,-263,-201,-147,-102,2,187,191
2025-11-19 18:32:51.174000+00:00									-156
2025-11-19 18:30:23.446000+00:00									25,33,10,-30,-48,-28,-72,-123,38,182,188
2025-11-19 18:32:16.832000+00:00									88,-34,-104,-57,97,187,188,164,180,60,-50,-104
2025-11-19 18:19:57.606000+00:00									-506,-32,208,196,196,196,197,196,196,-59
2025-11-19 18:21:54.725000+00:00									-151
2025-11-19 18:19:27.276000+00:00									-200,-262,-404,-339,-54,-192,-95,-174,-163,-112,196
2025-11-19 18:30:18.529000+00:00									9,134,189,200,192,175,161,-15,-93,-163,-229
2025-11-19 18:44:15.474000+00:00									-127,-222,-311,-307,44,-227,-107,-162,-131,-96,-49
2025-11-19 18:07:38.060000+00:00									202,105,17,-86,-149,-165,-151,-152,-180,-142,-190
2025-11-19 18:09:55.731000+00:00	72								-224,-191,-149,-273,-320,-383,-112,-334,-448,-348,-95
2025-11-19 18:26:46.711000+00:00									-381,-150,-151,-153,-147,-151,-152,-148,-154,-148,-151
2025-11-19 18:45:11.165000+00:00									-506,-411,-302,-159,133,52,144,43,44,60
2025-11-19 18:15:38.706000+00:00									-102,-112,-129,-127,-52,-180,-165,-153,-129,-191
2025-11-19 18:20:07.685000+00:00									-226,-139,-42,-12,-78,-104,-99,-210
2025-11-19 18:19:22.220000+00:00	86								-103,-104,-56,-156,-149,-133,-114,-133,-109,-62,-131
2025-11-19 18:42:36.536000+00:00									-217,-259,104,188,189
2025-11-19 18:13:39.834000+00:00									-139,-172,-246,-357,-398
2025-11-19 18:12:42.987000+00:00									-70,-67,-506,-151,-421,-23,177,-272
2025-11-19 18:14:15.228000+00:00									-199,-192,131,-212,-139,-239,-210,-183,-165
2025-11-19 18:26:50.970000+00:00									-239,-144,-151
2025-11-19 18:04:51.648000+00:00	74								-118,-124,-153,-157,-204,-199,-202,-188,-212,-188,-342,-274
2025-11-19 18:32:06.690000+00:00									205,200,201,190,8,-206,-342,-386,-409,-417,-392
2025-11-19 18:26:26.627000+00:00									7
2025-11-19 18:09:36.657000+00:00									-152
2025-11-19 18:14:05.238000+00:00									0,-1,1,-24,-116,-180,-203,-229,19,-143,-37
2025-11-19 18:15:43.628000+00:00	63								-46,-91,-151,-299,-145
2025-11-19 18:44:56.104000+00:00									-165,-312,-343,-337,-296,-211,-209,-184,-131,-93,-51
2025-11-19 18:46:26.754000+00:00									-261,-286,-342,-323,-232,-295,-245,-213,46,-156,-107
2025-11-19 18:07:12.956000+00:00									-28,-21,191,-133,-184,-290,-406,-413,-304,-300,-267
2025-11-19 18:32:21.716000+00:00									-506,-101,191,191,191,192,190,186,189,192,191
2025-11-19 18:43:45.462000+00:00									-133,-215,-441,-429,-355,-289,-284,-265,-131,-207,-154
2025-11-19 18:19:42.472000+00:00									98,4,-66,-28,-232,-289,-422,-407,-444,-445,-407
2025-11-19 18:29:02.543000+00:00									-372,-328,-172,-52,153,188,87,62,-230,-360,-40,12
2025-11-19 18:29:37.978000+00:00									-468,-396,-300,-176,-140,-114,-27,-85,-117,-181,-192
2025-11-19 18:20:48.209000+00:00									-202,198,209,197,210,210,196,196,-151,-150
2025-11-19 18:07:07.880000+00:00									-441,-506,-506,-506,-458,-315,-227,-285,-345,-300,-293,-282
2025-11-19 18:05:22.265000+00:00									-265,-148,-154,-146,-148,-152,-153,-145,-139,-155,-156,-151
2025-11-19 18:13:19.773000+00:00									-302,-308,-291,-282,-257,-253,-245,-156,-239,-186,-130
2025-11-19 18:19:52.591000+00:00									-248,-215,-202,-219,-213,-215,-364,-378
2025-11-19 18:08:20.248000+00:00									-183,-123,-410,-506,-506,-506
2025-11-19 18:45:00.828000+00:00									-506,-506,-409,-324,-273,185,191
2025-11-19 18:45:21.292000+00:00									-311,-432,-481,-296
2025-11-19 18:17:59.124000+00:00									59,35,126,129,93,123,179,193,196,195,195
2025-11-19 18:13:44.886000+00:00									198,198,190,186,-192,-319
2025-11-19 18:24:27.645000+00:00									-73,187
2025-11-19 18:46:21.829000+00:00									-492,-409,-245,-195,-326,-360,-304,-214
2025-11-19 18:16:09.040000+00:00									-153,-153,-175,-120,-25,-145,-131
2025-11-19 18:34:08.113000+00:00									-117,-124,-122,-144,-140,-32,-166,-193,-197,-194,-182,-184,-169
2025-11-19 18:17:03.206000+00:00									-153,-103,-239,-244,-207,-167,85,-114,-37,-163,-122
2025-11-19 18:28:31.931000+00:00									-140,-263,-250,-212,-140,-144,-93,-42,-38,-12,0
2025-11-19 18:05:42.448000+00:00									-186,-129,-153,-156,-141,-151,-153,-156,-155,-158
2025-11-19 18:13:55.012000+00:00									199,199,198,172,-346,-440,-288,-476
2025-11-19 18:16:52.907000+00:00	58								-166,15,-187,-117,-202,-198,-193,-176,-158,-150,-124
2025-11-19 18:08:42.470000+00:00									-153
2025-11-19 18:43:04.693000+00:00									-154
2025-11-19 18:31:46.396000+00:00									-4,-8,-2,-506,-289,-47,-41,-80,-174,-247
2025-11-19 18:29:53.039000+00:00									-128,-164,-206,-225,-285,-230,-121,-253,-248,-232
2025-11-19 18:16:04.252000+00:00									-168,-177,-83,-167,-134,-108,-97,-107,-115,-92,-117,-138,-133,-150,-148,-144,-84,-86,-106,-67,-31,-30,-51,-51,-44,-169,-181,-187,-175,-163,-161,-87,-186,-146
2025-11-19 18:30:28.600000+00:00	66								-189,-175,-8,-227,-327,-428,-456,-463,-378,-238,-327,-290
2025-11-19 18:20:28.039000+00:00									-76,-65,-276,-279,-267,-257,-267,-242,-141,-236
2025-11-19 18:34:33.094000+00:00	77								-79,-194,-193,-184,-173,-182,-197,-197,-105,-199,-178,-165
2025-11-19 18:25:41.163000+00:00									-153
2025-11-19 18:41:17.745000+00:00									-147
2025-11-19 18:12:37.990000+00:00	70								-48,-27,20,10,187,-76,4,-113,-101,-127,-174,-1
2025-11-19 18:05:47.257000+00:00	78								-160,-139,-153,-139,-151,-149,-159,-156,-145
2025-11-19 18:31:31.361000+00:00									-144,-161,-8,165,96,87,27,-126
2025-11-19 18:31:56.539000+00:00	83								-416,-337,-362,-411,-150,-351,-242,-350,-449,-387,-177,-132,-59
2025-11-19 18:30:13.428000+00:00									198,130,81,41,-28,-110,-151,-131,-189,-265,-430
2025-11-19 18:44:50.882000+00:00									-250,-369,-423,-336,-322,-268,-194,-133,-111,-114,-85
2025-11-19 18:46:47.003000+00:00									-100,-181,-265,-256,6,-267,-187,-285,-313,-263,-231
2025-11-19 18:37:00.849000+00:00									-152
2025-11-19 18:14:00.005000+00:00									198,189,183,37,-418
2025-11-19 18:08:30.289000+00:00									-100,-201,-349,-367,-421,-128,-321,-383,-369,-506
2025-11-19 18:24:17.387000+00:00									-153
2025-11-19 18:27:21.074000+00:00									-76,-58,-32,-125,-162,-120,-506,-155
2025-11-19 18:13:49.984000+00:00									199,189,125,-61,76,-303,-349
2025-11-19 18:33:52.644000+00:00									-133,-101,-237,-232,-210,-209,-201,-196,-162,-182
2025-11-19 18:09:50.695000+00:00									188
2025-11-19 18:44:35.833000+00:00									-209,-322,-437,-380,-328,-375,-366,-320,-353,-261,-114,-50
2025-11-19 18:34:28.012000+00:00									-156,-156,-165,-167,70,-167,-99,-177,-166,-156,-164,-150
2025-11-19 18:33:42.621000+00:00									-149,-168,-168,-168,-138,-265,-256,-208,-183,-181,-167,-112,-225
2025-11-19 18:10:42.686000+00:00									-123,-153
2025-11-19 18:27:41.456000+00:00									201,180,125,113,29,16,36,-25,-66,-135,-182,-255
2025-11-19 18:42:11.390000+00:00									-150
2025-11-19 18:45:16.295000+00:00									-367,-334,-247,-173,-135,-86,-13
2025-11-19 18:27:36.239000+00:00									222,201,192,192,191,187,123,126,-59,-223,-442
2025-11-19 18:18:24.312000+00:00									-154,-115,-225,-190,-190,32,-214,-151,-269,-261
2025-11-19 18:05:32.130000+00:00									-506,-140,-149,-157,-154,-153,-151,-158,-152,-156,-151
2025-11-19 18:31:36.326000+00:00									-242,-362,-310,-282,-183,-154,-167,-374,-491,-314,-296
2025-11-19 18:24:05.493000+00:00									-153
2025-11-19 18:44:05.618000+00:00									-159,-252,-343,-340,-322,-251,-184,-171,-112,-96,-107
2025-11-19 18:43:30.183000+00:00									-213,-364,-346,-261,-197
2025-11-19 18:19:07.097000+00:00									212,198,-1,198,199,198,212,212,198,197,178,66,-24,-157,-230,-283,-287,-261,-294,-263,-250,-228,-227,-195,-145,-256,-213,-153,-170,-96,-50,-119,-131,104
2025-11-19 18:31:04.399000+00:00									-144
2025-11-19 18:16:43.046000+00:00									-112,-108,-102,-92,-109,-105,-28,-166,-160,-153
2025-11-19 18:16:27.657000+00:00	50								-166,-163,-165,-160,-158,-159,-97,-228,-197,-170,-135,-135,-119,-160,-205,-193,-189,-197,-172,-126,-175,-177,-162,-136,-153,-141,-92,-145,-137,-134,-139,-154,-168,-105,-179,-156,-136,-126
2025-11-19 18:12:12.803000+00:00									132,-33,32,-367,-223,-79,-5,-22
2025-11-19 18:16:37.918000+00:00									-194,-191,-163,-136,-136,-96,-98,-158,-155,-161,-162
2025-11-19 18:44:25.769000+00:00	78								-135,-182,-222,-353,-318,-272,-33,-254,-122
2025-11-19 18:12:07.546000+00:00									187,189,189,189,189,189
2025-11-19 18:07:23.007000+00:00	74								-52,-125,-139,-190,-261,-266,-252,-290,-272,-428,-429,-250,-123
2025-11-19 18:30:59.300000+00:00									-506,-152,-137,-121,-144,-174,-149,-438,-463,-506
2025-11-19 18:41:46.942000+00:00									-155
2025-11-19 18:14:47.131000+00:00									247,175,172,-19,-132,-220,-233,28,-287,-170,-249,-222,-227,-194,-84,-123,-41,-147,-117,-96,-75,167,-128,-63,-184,-162,-162,-39,-68,-30,44,-7,-17
2025-11-19 18:27:51.580000+00:00									119,188,192,192,191,191,202,192,191,191,37,-76
2025-11-19 18:10:00.868000+00:00									-44,-223,-449,-410,-338,-250,-149,-202,-167,-190,-225,-255
2025-11-19 18:06:56.335000+00:00									-167
2025-11-19 18:27:31.223000+00:00									201,201,201,192,191,191,192,192,200,-23
2025-11-19 18:13:09.657000+00:00									199,189,188,152,64,-131,-258,-374
2025-11-19 18:13:04.511000+00:00									-224,-199,-164,-145
2025-11-19 18:25:47.175000+00:00									-143
2025-11-19 18:10:27.767000+00:00									-158
2025-11-19 18:13:34.931000+00:00									-408
2025-11-19 18:27:05.995000+00:00									202,192,-161,94,192,192,192,191,201,202,201,-368
2025-11-19 18:34:02.756000+00:00									-175,-173,-102,-184,-162,-168,-147,39,-166,-153,-234,-216
2025-11-19 18:09:12.768000+00:00									-163
2025-11-19 18:45:56.644000+00:00									-159,-254,-111,-279,-178,-231,-208,-215,-202,-242,-226,-185
2025-11-19 18:43:55.472000+00:00									-236,-357,189,187,186,188,189,189
2025-11-19 18:28:01.502000+00:00									42,158,191,191,192,191,191,196,191,191
2025-11-19 18:46:52.016000+00:00									-162,-207,-244,-195,-181,-66,-162,-145,-132,-141,-167
2025-11-19 18:19:37.321000+00:00									209,208,196,132,67,-246,-247,-145,-75,194,195
2025-11-19 18:29:48.117000+00:00									-276,-270,-273,-254,-245,-224,-138,-237,-184,-99,-24
2025-11-19 18:27:11.246000+00:00	69								24,-134,-115,-129,-171,-139,-133,-155,-188,-230,-242,-297,-233
2025-11-19 18:05:06.858000+00:00									-149,-184,-179,-214,-197,-176,-175,-186
2025-11-19 18:45:31.555000+00:00									67,-211,-288,-234,-255,-172,-113,-79,-91,-86,-26
2025-11-19 18:26:15.531000+00:00									-154
2025-11-19 18:14:10.256000+00:00									-111,-65,-162,-130,-115,-142,-96,-71,-36
2025-11-19 18:04:46.692000+00:00									-175,-183,-214,-219,-223,-228,-229,-240,-223,-227,-230
2025-11-19 18:46:16.725000+00:00									13,-15,-73,-23,-75,-75,-11,42,185,185,-71
2025-11-19 18:42:31.364000+00:00									-326,-286,-174,46,-31
2025-11-19 18:28:11.767000+00:00									-262,-284,-322,-350,-329,-176,-227,-150,-79,-27,-50,-79,-26
2025-11-19 18:04:27.069000+00:00									-92
2025-11-19 18:33:22.474000+00:00									-152
2025-11-19 18:15:13.166000+00:00	52								-85,-44,-167,-146,-166,-171,-259,-243,-174,-261,-225,-200,-185,-162,-146,-13,-113,-79,-52,-68,-62,-71,-54,-123,-101,-106,-88,-123,-119,-101,-184,-172,-165,-156,-187,-211,-146,-266,-225,-290
2025-11-19 18:06:07.846000+00:00									-19,-143,-148,-152,-150,-149,-147,-144,-156,-153
2025-11-19 18:25:29.153000+00:00									-153
2025-11-19 18:21:48.420000+00:00									-178
2025-11-19 18:19:32.345000+00:00									-82,-134,-144,-116,-80,-85,-117,-103,-165,-134,-155
2025-11-19 18:21:26.980000+00:00									-152
2025-11-19 18:19:17.137000+00:00									-38,-32,-32,-51,-87,-112,-68,-106,121,-162,-67
2025-11-19 18:04:36.733000+00:00									-73,-207,-225,-269,-245,-239,-195,-227,-245,-246,-238,-266,-274
2025-11-19 18:42:21.365000+00:00									-141,-411,-283,-230,-216,-162,-98,176,187
2025-11-19 18:04:56.870000+00:00									-133,-134,-137,-210,-191,-190,-191,-186,-163,-222,-228,-218
2025-11-19 18:07:33.058000+00:00	72								-107,-132,194,-142,-146,-158,-143,-125,-219,-255,-186
2025-11-19 18:34:39.686000+00:00									-148
2025-11-19 18:19:12.139000+00:00									-63,-36,56,103,154,193,195,140,87,73,28
2025-11-19 18:25:15.874000+00:00									-155
2025-11-19 18:28:06.595000+00:00									-506,-467,-496,-472,-112,147,192,192
2025-11-19 18:46:31.849000+00:00									-52,-96,-60,-157,-60,-130,-103,-82,-59,186,-35,64
2025-11-19 18:28:16.878000+00:00									-414,-434,-357,-451,-290,-244,-162,-93,-31,131,32
2025-11-19 18:33:32.575000+00:00									-239,-203,-275,-245,-209,-178,-204,-208,-177,-257,-284
2025-11-19 18:33:47.840000+00:00									-189,46,-194,-118,-214,-216,-223,-231,-1,-206,-135,-221
2025-11-19 18:17:14.376000+00:00									-144
2025-11-19 18:12:32.866000+00:00									89,120,134,114,123,41,-10,-108,-125,-210,-291,-280
2025-11-19 18:28:41.961000+00:00									-75,-97,-79,-92,-49,-61,-87,-71,-70,-34,-28,-54,25
2025-11-19 18:30:54.241000+00:00									201,201,192,191,189,-28,-242,-428
2025-11-19 18:26:40.825000+00:00									-154
2025-11-19 18:45:36.416000+00:00									-169,-204,-338,-347,-326,-284,60,-190
2025-11-19 18:18:34.436000+00:00									200,201,193,72,-52,-199,-239,-212,-55,22,-68
2025-11-19 18:32:38.830000+00:00									-154
2025-11-19 18:25:11.078000+00:00									202,-153,-153,-152
2025-11-19 18:27:56.627000+00:00									28,112,200,192,192,191,191,190,165,-21,-91,-332
2025-11-19 18:05:37.226000+00:00									-96,-145,-147,-154,-149,-149,-154,-151,-153,-150
2025-11-19 18:20:33.026000+00:00									-195,-224,-243,-243,-206,14,-211,-176,-242,-193
2025-11-19 18:20:12.751000+00:00									206,-148,-154,-155,-156,-155,-148,-148,-148,-155,-153
2025-11-19 18:42:16.299000+00:00									149,83,189,189,197,188,28,-23,-225,-109
2025-11-19 18:09:32.444000+00:00									-167
2025-11-19 18:08:25.256000+00:00									-100,-136,-145,-125,-133,-131,-125,-150,-151,-128,-291
2025-11-19 18:17:38.936000+00:00									-188
2025-11-19 18:17:33.528000+00:00									-409,-356,-378,-332,-113,-147,-195,-147,-151,198,199,200,198,199,199,200,199,34,197,199,-147,200,202,212,214,214,198,200,199,200,200,4,-123,-248,-289,-306,-129,-286
2025-11-19 18:04:31.534000+00:00									202
2025-11-19 18:25:52.185000+00:00									126,170,-7,-102,-209,-297,-76,-472,-451
2025-11-19 18:44:45.863000+00:00									-7,-79,-114,-214,-211,-197,30,-193,-211,-369,-370
2025-11-19 18:46:06.478000+00:00									195,-10,188,189,187,29,-77,25,189,189,189
2025-11-19 18:34:22.991000+00:00	84								-178,-188,-162,-170,-207,-205,-196,-186,-252,-156,-57
2025-11-19 18:43:50.327000+00:00									29,-94,-211,-45,-31,-23,-98,-138,-225,-174,-130
2025-11-19 18:12:02.675000+00:00									-148
2025-11-19 18:06:02.515000+00:00									-191,-155,-156,-155,-158,-145,-151,-151,-154,-149,-153
2025-11-19 18:27:26.301000+00:00									24,-172,-154,-153
2025-11-19 18:23:57.135000+00:00									-135
2025-11-19 18:14:52.047000+00:00									-118,-92,-128,-160,-301,-422,-308,-173
2025-11-19 18:20:53.800000+00:00									-153
2025-11-19 18:44:00.519000+00:00									-106,-193,-257,-341,-321,-295,-184,-418,-326,-233,-98,-39
2025-11-19 18:21:04.177000+00:00									-121,-176
2025-11-19 18:25:57.154000+00:00									143,191,-386,-343
2025-11-19 18:46:41.990000+00:00	75								-48,-42,-22,-215,-306,-356,-349,-186,-471,-367,-388,-307
2025-11-19 18:19:47.773000+00:00									-506,-387,-255,-239,-36,53,113,67
2025-11-19 18:46:36.861000+00:00									-199,-239,-267,-206,-226,-199,-170,-128,7,-122,-66
2025-11-19 18:25:00.399000+00:00									159
2025-11-19 18:45:05.909000+00:00									-94,-315,-353,-356,-317,-267,-188,-147,-44,-133,-149,-136
2025-11-19 18:24:42.176000+00:00									-133
2025-11-19 18:45:41.592000+00:00									-187,-265,-297,189,-156,43,197,188,188,187,128,-1
2025-11-19 18:07:43.084000+00:00									-189,169
2025-11-19 18:33:57.751000+00:00									-140,-154,-150,-68,-161,-155,-147,-142,-170,-157,-80,-199
2025-11-19 18:28:27.014000+00:00									-283,-293,-351,-342,-347,-317,-282,-262,-242,-235,-176,-170
2025-11-19 18:18:08.950000+00:00									-506,-16,87,193,195
2025-11-19 18:21:36.612000+00:00									-154
2025-11-19 18:33:37.581000+00:00									-188,-192,-180,-222,-170,-82,-203,-196,-184,-181,-176,-182
2025-11-19 18:29:17.736000+00:00									-44,-152,-149,-150,-155,-145,-12,-109
2025-11-19 18:16:32.685000+00:00									-189,-179,-166,-157,59,-127,-19,-128,-118,-121
2025-11-19 18:28:36.893000+00:00									24,27,16,65,86,-29,-332,-295,-164,-76,-12,67,-3
2025-11-19 18:12:27.829000+00:00									101,90,61,-88,-155,-181,-263,-261,-132
2025-11-19 18:07:17.831000+00:00									-144,-233,-240,-241,-258,-285,-242,-236,-249,-258
2025-11-19 18:05:27.006000+00:00									152,-156,-144,-142,-146,-154,-153,-153
2025-11-19 18:42:41.553000+00:00									-435,-330,131,-373,-124
2025-11-19 18:13:29.799000+00:00									-406,-40,198
2025-11-19 18:31:51.391000+00:00									201,201,-159,-382,-260,-219,-57,186,189,66,10,26
2025-11-19 18:07:02.777000+00:00									-148
2025-11-19 18:44:30.608000+00:00									-129,-283,-370,-378,-319,-134,-204,-58,-127,-115,-232
2025-11-19 18:43:40.345000+00:00									-161,-341,-506,-506,-421,-329,-359,-279,-209,-157,-143,-70,-61
2025-11-19 18:20:43.077000+00:00									-159,-166,-169,-163,-103,-157,-153,-155,-137,-159
2025-11-19 18:29:07.586000+00:00									-502,-281,-481,-459,96,191
2025-11-19 18:23:52.142000+00:00									-155
2025-11-19 18:20:38.065000+00:00									-227,-235,-196,-141,149,-212,-110,-245,-198,-217
2025-11-19 18:05:02.203000+00:00	74								-163,-170,-184,-196,-195,-191,-210,-203,173,-186
